; Initialyze CFD (with program nfaLoop)
; created 1999.7.26
;
; the threshold has been decreased from 0x18 to 0x08
; 01-MAY-2006 by A. Tamii
;
; number of loop
;1
;> Wait
W 2
; Set Gate Width
9 17 1 16   1    
; Set Status Words
9 16 0 0x08  1
9 0  0 0    1
9 16 1 0x08  1
9 0  1 0    1
9 16 2 0x08  1
9 0  2 0    1
9 16 3 0x08  1
9 0  3 0    1
9 16 4 0x08  1
9 0  4 0    1
9 16 5 0x08  1
9 0  5 0    1
9 16 6 0x08  1
9 0  6 0    1
9 16 7 0x08  1
9 0  7 0    1
W 2
9 16 8 0x08  1
9 0  8 0    1
9 16 9 0x08  1
9 0  9 0    1
9 16 10 0x08 1
9 0  10 0   1
9 16 11 0x08 1
9 0  11 0   1
9 16 12 0x08 1
9 0  12 0   1
9 16 13 0x08 1
9 0  13 0   1
9 16 14 0x08 1
9 0  14 0   1
9 16 15 0x08 1
9 0  15 0   1
W 2
; Set Gate Width
10 17 1 16   1    
; Set Status Words
10 16 0 0x08  1
10 0  0 0    1
10 16 1 0x08  1
10 0  1 0    1
10 16 2 0x08  1
10 0  2 0    1
10 16 3 0x08  1
10 0  3 0    1
10 16 4 0x08  1
10 0  4 0    1
10 16 5 0x08  1
10 0  5 0    1
10 16 6 0x08  1
10 0  6 0    1
10 16 7 0x08  1
10 0  7 0    1
W 2
10 16 8 0x08  1
10 0  8 0    1
10 16 9 0x08  1
10 0  9 0    1
10 16 10 0x08 1
10 0  10 0   1
10 16 11 0x08 1
10 0  11 0   1
10 16 12 0x08 1
10 0  12 0   1
10 16 13 0x08 1
10 0  13 0   1
10 16 14 0x08 1
10 0  14 0   1
10 16 15 0x08 1
10 0  15 0   1
>end
9 1 1 0 1
10 1 1 0  1
end
