; Set FERA Pedestal Value(with program nfaLoop)
; created 1997-OCT-27 for (p,2p)-2ndFPP
;
; number of loop
;1
;> Wait
;W 10
> Set Pedestal Values (N=15) TDC
 15  9  0  0 1
 15 17  0  0 1
 15 17  1  0 1
 15 17  2  0 1
 15 17  3  0 1
 15 17  4  0 1
 15 17  5  0 1
 15 17  6  0 1
 15 17  7  0 1
 15 17  8  0 1
 15 17  9  0 1
 15 17 10  0 1
 15 17 11  0 1
 15 17 12  0 1
 15 17 13  0 1
 15 17 14  0 1
 15 17 15  0 1
> Set Pedestal Values (N=16) TDC
 16  9  0  0 1
 16 17  0  0 1
 16 17  1  0 1
 16 17  2  0 1
 16 17  3  0 1
 16 17  4  0 1
 16 17  5  0 1
 16 17  6  0 1
 16 17  7  0 1
 16 17  8  0 1
 16 17  9  0 1
 16 17 10  0 1
 16 17 11  0 1
 16 17 12  0 1
 16 17 13  0 1
 16 17 14  0 1
 16 17 15  0 1
> Set Pedestal Values (N=17) TDC
 17  9  0  0 1
 17 17  0  0 1
 17 17  1  0 1
 17 17  2  0 1
 17 17  3  0 1
 17 17  4  0 1
 17 17  5  0 1
 17 17  6  0 1
 17 17  7  0 1
 17 17  8  0 1
 17 17  9  0 1
 17 17 10  0 1
 17 17 11  0 1
 17 17 12  0 1
 17 17 13  0 1
 17 17 14  0 1
 17 17 15  0 1
> Set Pedestal Values (N=18) TDC
 18  9  0  0 1
 18 17  0  0 1
 18 17  1  0 1
 18 17  2  0 1
 18 17  3  0 1
 18 17  4  0 1
 18 17  5  0 1
 18 17  6  0 1
 18 17  7  0 1
 18 17  8  0 1
 18 17  9  0 1
 18 17 10  0 1
 18 17 11  0 1
 18 17 12  0 1
 18 17 13  0 1
 18 17 14  0 1
 18 17 15  0 1
> Set Pedestal Values (N=19) ADC
 19  9  0  0 1
 19 17  0  0 1
 19 17  1  0 1
 19 17  2  0 1
 19 17  3  0 1
 19 17  4  0 1
 19 17  5  0 1
 19 17  6  0 1
 19 17  7  0 1
 19 17  8  0 1
 19 17  9  0 1
 19 17 10  0 1
 19 17 11  0 1
 19 17 12  0 1
 19 17 13  0 1
 19 17 14  0 1
 19 17 15  0 1
> Set Pedestal Values (N=20) ADC
 20  9  0  0 1
 20 17  0  0 1
 20 17  1  0 1
 20 17  2  0 1
 20 17  3  0 1
 20 17  4  0 1
 20 17  5  0 1
 20 17  6  0 1
 20 17  7  0 1
 20 17  8  0 1
 20 17  9  0 1
 20 17 10  0 1
 20 17 11  0 1
 20 17 12  0 1
 20 17 13  0 1
 20 17 14  0 1
 20 17 15  0 1
;W 10
> Read Pedestal Values (N=15) TDC
 15 1  0 0 1
 15 1  1 0 1
 15 1  2 0 1
 15 1  3 0 1
 15 1  4 0 1
 15 1  5 0 1
 15 1  6 0 1
 15 1  7 0 1
 15 1  8 0 1
 15 1  9 0 1
 15 1 10 0 1
 15 1 11 0 1
 15 1 12 0 1
 15 1 13 0 1
 15 1 14 0 1
 15 1 15 0 1
> Read Pedestal Values (N=16) TDC
 16 1  0 0 1
 16 1  1 0 1
 16 1  2 0 1
 16 1  3 0 1
 16 1  4 0 1
 16 1  5 0 1
 16 1  6 0 1
 16 1  7 0 1
 16 1  8 0 1
 16 1  9 0 1
 16 1 10 0 1
 16 1 11 0 1
 16 1 12 0 1
 16 1 13 0 1
 16 1 14 0 1
 16 1 15 0 1
> Read Pedetal Values (N=17) TDC
 17 1  0 0 1
 17 1  1 0 1
 17 1  2 0 1
 17 1  3 0 1
 17 1  4 0 1
 17 1  5 0 1
 17 1  6 0 1
 17 1  7 0 1
 17 1  8 0 1
 17 1  9 0 1
 17 1 10 0 1
 17 1 11 0 1
 17 1 12 0 1
 17 1 13 0 1
 17 1 14 0 1
 17 1 15 0 1
> Read Pedestal Values (N=18) TDC
 18 1  0 0 1
 18 1  1 0 1
 18 1  2 0 1
 18 1  3 0 1
 18 1  4 0 1
 18 1  5 0 1
 18 1  6 0 1
 18 1  7 0 1
 18 1  8 0 1
 18 1  9 0 1
 18 1 10 0 1
 18 1 11 0 1
 18 1 12 0 1
 18 1 13 0 1
 18 1 14 0 1
 18 1 15 0 1
> Read Pedestal Values (N=19) ADC
 19 1  0 0 1
 19 1  1 0 1
 19 1  2 0 1
 19 1  3 0 1
 19 1  4 0 1
 19 1  5 0 1
 19 1  6 0 1
 19 1  7 0 1
 19 1  8 0 1
 19 1  9 0 1
 19 1 10 0 1
 19 1 11 0 1
 19 1 12 0 1
 19 1 13 0 1
 19 1 14 0 1
 19 1 15 0 1
> Read Pedestal Values (N=20) ADC
 20 1  0 0 1
 20 1  1 0 1
 20 1  2 0 1
 20 1  3 0 1
 20 1  4 0 1
 20 1  5 0 1
 20 1  6 0 1
 20 1  7 0 1
 20 1  8 0 1
 20 1  9 0 1
 20 1 10 0 1
 20 1 11 0 1
 20 1 12 0 1
 20 1 13 0 1
 20 1 14 0 1
 20 1 15 0 1
>   End
end
